[  17.17480556,   51.27622222,  105.36063889]
[79.601225000000056, 55.719350000000013, 82.092424999999992]
[42.853775000000006, 57.831100000000035, 103.37890000000002]
[104.40752499999999, 15.464774999999999, 192.03007500000015]
[37.076750000000004, 61.323150000000005, 105.96297499999999]
[48.753324999999975, 46.35704999999998, 97.058975000000004]
[77.844525000000033, 23.037100000000006, 118.43807499999994]
[103.57614999999998, 13.329925000000001, 161.60740000000004]
[103.69002499999995, 37.673525000000012, 107.39492500000004]
[107.35940000000001, 57.669824999999975, 162.07362500000008]
[49.772624999999998, 47.901800000000023, 153.16250000000011]
